%YAML:1.0
File.version: "1.0"
#--------------------------------------------------------------------------------------------
# Camera Parameters. Adjust them!
#--------------------------------------------------------------------------------------------
Camera.type: "KannalaBrandt8"
# [278.66723066149086, 278.48991409740296, 319.75221200593535, 241.96858910358173]
# From datasets
#Camera1.fx: 278.66723066149086
#Camera1.fy: 278.48991409740296
#Camera1.cx: 319.75221200593535
#Camera1.cy: 241.96858910358173
#From basalt
Camera1.fx: 278.19557008142928
Camera1.fy: 278.12386669369786
Camera1.cx: 319.4133550033439
Camera1.cy: 241.5753528587912

# Kannala-Brandt distortion parameters
#   distortion_coeffs: [-0.013721808247486035, 0.020727425669427896, -0.012786476702685545,
#                       0.0025242267320687625]
Camera1.k1: -0.012863145692282068
Camera1.k2: 0.022430140805111338
Camera1.k3: -0.01386939293889154
Camera1.k4: 0.00267415437742696

# Camera2 [277.61640629770613, 277.63749695723294, 314.8944703346039, 236.04310050462587]
Camera2.fx: 277.2775279842009
Camera2.fy: 277.31033419013519
Camera2.cx: 314.5871637421965
Camera2.cy: 235.62427461421349

# Kannala-Brandt distortion parameters
#   distortion_coeffs: [-0.008456929295619607, 0.011407590938612062, -0.006951788325762078,
#    0.0015368127092821786]
Camera2.k1: -0.009204230095399099
Camera2.k2: 0.0128059620603051
Camera2.k3: -0.006538465248252485
Camera2.k4: 0.001089177185254455

# Lapping area between images
Camera1.overlappingBegin: 0
Camera1.overlappingEnd: 640

Camera2.overlappingBegin: 0
Camera2.overlappingEnd: 640

Camera.width: 640
Camera.height: 480

# Camera frames per second 
Camera.fps: 30

# Color order of the images (0: BGR, 1: RGB. It is ignored if images are grayscale)
Camera.RGB: 1

# Close/Far threshold. Baseline times.
Stereo.ThDepth: 35.0 # 35

# From datasets
#Stereo.T_c1_c2: !!opencv-matrix
#   rows: 4
#   cols: 4
#   dt: f
#   data:    [0.9998053017199788, 0.011197738450911484, 0.01624713224548414, -0.07961594300469246,
#            -0.011147758116324, 0.9999328574031386, -0.0031635699090552883, 0.0007443452072558462,
#            -0.016281466199246444, 0.00298183486707869, 0.9998630018753686, 0.0004425529195268342,
#            0.0, 0.0, 0.0, 1.0]
# From basalt
Stereo.T_c1_c2: !!opencv-matrix
   rows: 4
   cols: 4
   dt: f
   data:    [0.99980297985607514,  -0.011411486484222452,  -0.016241288345847347,   0.079853252505952488,
             0.011462272546791337,    0.99992969301089629,  0.0030373250069490919, 4.7346879864997027e-05,
             0.016205486076499593, -0.0032228886662702041,    0.99986348828711069,  0.0006524900994765593,
             0.0                   ,   0.0                   ,   0.0                   ,   1.0]

#IMU.T_b_c1: !!opencv-matrix
#   rows: 4
#   cols: 4
#   dt: f
#   data:  [-0.01182306, 0.01155299, 0.99986336, -0.00029,
#           -0.99987014,  0.01081377, -0.01194809,  -0.0579069465,
#           -0.01095033 , -0.99987479,  0.01142364, -0.0001919,
#           0,                   0,                   0,   1.0]

IMU.T_b_c1: !!opencv-matrix
   rows: 4
   cols: 4
   dt: f
   data:  [-0.020979234485925202, -0.00067367618261704454,     0.99977968467097078,    0.012029951852896714,
            -0.99976048395115946,  -0.0062199266275788645,   -0.020983022720554634,     0.02451384027986684,
            0.006232692045043231,    -0.99998042914506524, -0.00054302552715457253,  -0.0038933455122586243,
            0.0,                       0.0,                       0.0,                       1.0]

IMU.NoiseGyro: 0.05
IMU.NoiseAcc:  0.1
IMU.GyroWalk:  4.0e-05
IMU.AccWalk:   0.002
IMU.Frequency: 500.0
#System.thFarPoints: 20.0  # In TUM outdoors, we ignore points too far away

#--------------------------------------------------------------------------------------------
# ORB Parameters
#--------------------------------------------------------------------------------------------

# ORB Extractor: Number of features per image
ORBextractor.nFeatures: 1200

# ORB Extractor: Scale factor between levels in the scale pyramid 	
ORBextractor.scaleFactor: 1.2

# ORB Extractor: Number of levels in the scale pyramid	
ORBextractor.nLevels: 8

# ORB Extractor: Fast threshold
# Image is divided in a grid. At each cell FAST are extracted imposing a minimum response.
# Firstly we impose iniThFAST. If no corners are detected we impose a lower value minThFAST
# You can lower these values if your images have low contrast			
ORBextractor.iniThFAST: 20
ORBextractor.minThFAST: 7

#--------------------------------------------------------------------------------------------
# Viewer Parameters
#--------------------------------------------------------------------------------------------
Viewer.KeyFrameSize: 0.05
Viewer.KeyFrameLineWidth: 1.0
Viewer.GraphLineWidth: 0.9
Viewer.PointSize: 2.0
Viewer.CameraSize: 0.08
Viewer.CameraLineWidth: 3.0
Viewer.ViewpointX: 0.0
Viewer.ViewpointY: -0.7
Viewer.ViewpointZ: -3.5
Viewer.ViewpointF: 500.0


